336
2 1
0 1 1
0 1 0
4 0
0 1 1
0 2 0 2
0 2 1 3
0 1 2
50 0
0 3 1 2 3
0 1 0
0 1 0
0 2 0 4
0 3 3 5 47
0 2 4 6
0 3 5 7 8
0 1 6
0 2 6 9
0 3 8 10 16
0 3 9 11 12
0 1 10
0 2 10 13
0 2 12 14
0 2 13 15
0 1 14
0 3 9 17 35
0 2 16 18
0 3 17 19 20
0 1 18
0 2 18 21
0 3 20 22 23
0 1 21
0 2 21 24
0 2 23 25
0 2 24 26
0 2 25 27
0 3 26 28 29
0 1 27
0 2 27 30
0 3 29 31 32
0 1 30
0 3 30 33 34
0 1 32
0 1 32
0 2 16 36
0 3 35 37 38
0 1 36
0 2 36 39
0 3 38 40 44
0 2 39 41
0 3 40 42 43
0 1 41
0 1 41
0 3 39 45 46
0 1 44
0 1 44
0 3 4 48 49
0 1 47
0 1 47
16 1
0 3 1 5 14
0 2 0 2
0 2 1 3
0 2 2 4
0 2 3 5
0 3 0 4 6
0 3 5 7 8
0 1 6
0 3 6 9 13
0 2 8 10
0 2 9 11
0 2 10 12
0 2 11 13
0 3 8 12 14
0 3 0 13 15
0 1 14
5 0
0 2 1 2
0 1 0
0 3 0 3 4
0 1 2
0 1 2
11 0
0 2 1 6
0 2 0 2
0 3 1 3 4
0 1 2
0 2 2 5
0 2 4 6
0 3 0 5 7
0 2 6 8
0 3 7 9 10
0 1 8
0 1 8
19 0
0 4 1 2 3 10
0 1 0
0 1 0
0 3 0 4 7
0 2 3 5
0 2 4 6
0 1 5
0 2 3 8
0 2 7 9
0 1 8
0 3 0 11 15
0 2 10 12
0 2 11 13
0 3 12 14 16
0 2 13 15
0 2 10 14
0 3 13 17 18
0 1 16
0 1 16
16 0
0 2 1 8
0 2 0 2
0 3 1 3 7
0 2 2 4
0 2 3 5
0 2 4 6
0 2 5 7
0 2 2 6
0 3 0 9 14
0 2 8 10
0 2 9 11
0 3 10 12 13
0 1 11
0 2 11 14
0 3 8 13 15
0 1 14
18 1
0 3 1 7 9
0 2 0 2
0 3 1 3 4
0 1 2
0 2 2 5
0 3 4 6 7
0 1 5
0 3 0 5 8
0 1 7
0 3 0 10 16
0 2 9 11
0 3 10 12 13
0 1 11
0 2 11 14
0 3 13 15 16
0 1 14
0 3 9 14 17
0 1 16
11 0
0 3 1 2 3
0 1 0
0 1 0
0 3 0 4 9
0 2 3 5
0 2 4 6
0 3 5 7 8
0 1 6
0 2 6 9
0 3 3 8 10
0 1 9
8 1
0 1 1
0 2 0 2
0 3 1 3 7
0 2 2 4
0 2 3 5
0 2 4 6
0 2 5 7
0 2 2 6
22 0
0 3 1 2 8
0 1 0
0 3 0 3 4
0 1 2
0 3 2 5 6
0 1 4
0 2 4 7
0 3 6 8 12
0 3 0 7 9
0 2 8 10
0 2 9 11
0 3 10 12 13
0 2 7 11
0 2 11 14
0 4 13 15 16 19
0 1 14
0 2 14 17
0 2 16 18
0 1 17
0 2 14 20
0 2 19 21
0 1 20
16 1
0 2 1 2
0 1 0
0 3 0 3 15
0 3 2 4 8
0 2 3 5
0 2 4 6
0 2 5 7
0 2 6 8
0 3 3 7 9
0 3 8 10 15
0 2 9 11
0 3 10 12 13
0 1 11
0 2 11 14
0 2 13 15
0 3 2 9 14
11 0
0 2 1 6
0 2 0 2
0 3 1 3 4
0 1 2
0 2 2 5
0 3 4 6 8
0 3 0 5 7
0 1 6
0 3 5 9 10
0 1 8
0 1 8
14 0
0 2 1 8
0 2 0 2
0 3 1 3 7
0 2 2 4
0 2 3 5
0 2 4 6
0 2 5 7
0 2 2 6
0 3 0 9 13
0 2 8 10
0 2 9 11
0 2 10 12
0 2 11 13
0 2 8 12
20 1
0 4 1 2 9 16
0 1 0
0 3 0 3 8
0 2 2 4
0 2 3 5
0 3 4 6 7
0 1 5
0 2 5 8
0 2 2 7
0 3 0 10 15
0 2 9 11
0 2 10 12
0 3 11 13 14
0 1 12
0 2 12 15
0 2 9 14
0 4 0 17 18 19
0 1 16
0 1 16
0 1 16
13 1
0 2 1 2
0 1 0
0 3 0 3 10
0 2 2 4
0 3 3 5 8
0 2 4 6
0 2 5 7
0 1 6
0 2 4 9
0 2 8 10
0 3 2 9 11
0 2 10 12
0 1 11
7 0
0 2 1 2
0 1 0
0 2 0 3
0 2 2 4
0 2 3 5
0 2 4 6
0 1 5
10 0
0 1 1
0 3 0 2 3
0 1 1
0 2 1 4
0 3 3 5 9
0 2 4 6
0 2 5 7
0 2 6 8
0 2 7 9
0 2 4 8
6 1
0 2 1 4
0 2 0 2
0 2 1 3
0 3 2 4 5
0 2 0 3
0 1 3
19 1
0 1 1
0 3 0 2 18
0 3 1 3 7
0 2 2 4
0 2 3 5
0 2 4 6
0 2 5 7
0 3 2 6 8
0 3 7 9 10
0 1 8
0 3 8 11 18
0 3 10 12 13
0 1 11
0 2 11 14
0 3 13 15 16
0 1 14
0 3 14 17 18
0 1 16
0 3 1 10 16
6 1
0 3 1 2 4
0 1 0
0 2 0 3
0 1 2
0 2 0 5
0 1 4
2 0
0 1 1
0 1 0
13 1
0 4 1 4 7 10
0 3 0 2 3
0 1 1
0 1 1
0 3 0 5 6
0 1 4
0 1 4
0 3 0 8 9
0 1 7
0 1 7
0 3 0 11 12
0 1 10
0 1 10
7 1
0 2 1 4
0 2 0 2
0 2 1 3
0 3 2 4 5
0 2 0 3
0 2 3 6
0 1 5
11 0
0 2 1 7
0 3 0 2 3
0 1 1
0 3 1 4 5
0 1 3
0 2 3 6
0 2 5 7
0 3 0 6 8
0 3 7 9 10
0 1 8
0 1 8
18 1
0 4 1 2 8 12
0 1 0
0 3 0 3 4
0 1 2
0 3 2 5 6
0 1 4
0 4 4 7 8 11
0 1 6
0 4 0 6 9 10
0 1 8
0 1 8
0 3 6 12 16
0 3 0 11 13
0 3 12 14 17
0 2 13 15
0 2 14 16
0 3 11 15 17
0 2 13 16
8 1
0 2 1 5
0 2 0 2
0 2 1 3
0 2 2 4
0 2 3 5
0 3 0 4 6
0 2 5 7
0 1 6
10 0
0 2 1 5
0 2 0 2
0 2 1 3
0 2 2 4
0 3 3 5 6
0 2 0 4
0 3 4 7 8
0 1 6
0 2 6 9
0 1 8
8 1
0 2 1 5
0 2 0 2
0 2 1 3
0 2 2 4
0 1 3
0 3 0 6 7
0 2 5 7
0 2 5 6
13 0
0 2 1 6
0 3 0 2 4
0 2 1 3
0 1 2
0 2 1 5
0 1 4
0 3 0 7 11
0 2 6 8
0 2 7 9
0 2 8 10
0 2 9 11
0 3 6 10 12
0 1 11
5 1
0 2 1 2
0 1 0
0 3 0 3 4
0 2 2 4
0 2 2 3
7 0
0 2 1 5
0 2 0 2
0 3 1 3 4
0 1 2
0 2 2 5
0 3 0 4 6
0 1 5
7 0
0 2 1 5
0 2 0 2
0 2 1 3
0 2 2 4
0 2 3 5
0 3 0 4 6
0 1 5
9 1
0 2 1 8
0 2 0 2
0 2 1 3
0 3 2 4 7
0 2 3 5
0 2 4 6
0 2 5 7
0 3 3 6 8
0 2 0 7
9 0
0 2 1 5
0 2 0 2
0 2 1 3
0 2 2 4
0 2 3 5
0 3 0 4 6
0 3 5 7 8
0 1 6
0 1 6
33 0
0 3 1 9 21
0 2 0 2
0 3 1 3 6
0 2 2 4
0 2 3 5
0 1 4
0 3 2 7 8
0 1 6
0 2 6 9
0 3 0 8 10
0 3 9 11 22
0 3 10 12 20
0 2 11 13
0 3 12 14 15
0 1 13
0 3 13 16 19
0 2 15 17
0 2 16 18
0 1 17
0 2 15 20
0 3 11 19 21
0 2 0 20
0 3 10 23 27
0 2 22 24
0 2 23 25
0 2 24 26
0 2 25 27
0 3 22 26 28
0 3 27 29 30
0 1 28
0 2 28 31
0 2 30 32
0 1 31
10 1
0 3 1 2 6
0 2 0 2
0 3 0 1 3
0 2 2 4
0 2 3 5
0 3 4 6 7
0 2 0 5
0 3 5 8 9
0 2 7 9
0 2 7 8
23 1
0 1 1
0 3 0 2 16
0 3 1 3 7
0 2 2 4
0 2 3 5
0 2 4 6
0 1 5
0 3 2 8 9
0 1 7
0 3 7 10 16
0 3 9 11 15
0 2 10 12
0 2 11 13
0 2 12 14
0 2 13 15
0 2 10 14
0 3 1 9 17
0 3 16 18 22
0 2 17 19
0 2 18 20
0 2 19 21
0 2 20 22
0 2 17 21
8 0
0 2 1 6
0 2 0 2
0 3 1 3 4
0 1 2
0 2 2 5
0 2 4 6
0 3 0 5 7
0 1 6
21 0
0 2 1 5
0 2 0 2
0 3 1 3 4
0 1 2
0 1 2
0 4 0 6 11 16
0 2 5 7
0 2 6 8
0 3 7 9 10
0 1 8
0 1 8
0 2 5 12
0 2 11 13
0 3 12 14 15
0 1 13
0 1 13
0 2 5 17
0 2 16 18
0 3 17 19 20
0 1 18
0 1 18
5 1
0 1 1
0 3 0 2 3
0 1 1
0 2 1 4
0 1 3
8 1
0 2 1 2
0 1 0
0 3 0 3 7
0 2 2 4
0 2 3 5
0 2 4 6
0 2 5 7
0 2 2 6
24 1
0 4 1 5 10 17
0 2 0 2
0 3 1 3 4
0 1 2
0 3 2 5 9
0 3 0 4 6
0 2 5 7
0 2 6 8
0 2 7 9
0 2 4 8
0 3 0 11 16
0 2 10 12
0 2 11 13
0 3 12 14 15
0 1 13
0 2 13 16
0 2 10 15
0 3 0 18 23
0 2 17 19
0 2 18 20
0 3 19 21 22
0 1 20
0 2 20 23
0 2 17 22
13 0
0 3 1 2 7
0 1 0
0 2 0 3
0 3 2 4 5
0 1 3
0 2 3 6
0 3 5 7 8
0 2 0 6
0 4 6 9 10 11
0 1 8
0 1 8
0 2 8 12
0 1 11
9 0
0 3 1 2 3
0 1 0
0 1 0
0 3 0 4 8
0 2 3 5
0 2 4 6
0 2 5 7
0 2 6 8
0 2 3 7
4 1
0 1 1
0 3 0 2 3
0 1 1
0 1 1
8 1
0 2 1 6
0 2 0 2
0 3 1 3 4
0 1 2
0 2 2 5
0 2 4 6
0 3 0 5 7
0 1 6
4 0
0 3 1 2 3
0 1 0
0 1 0
0 1 0
9 0
0 3 1 2 7
0 1 0
0 2 0 3
0 3 2 4 5
0 1 3
0 2 3 6
0 2 5 7
0 3 0 6 8
0 1 7
7 1
0 3 1 2 4
0 1 0
0 2 0 3
0 1 2
0 2 0 5
0 2 4 6
0 1 5
19 0
0 2 1 6
0 2 0 2
0 2 1 3
0 3 2 4 5
0 1 3
0 1 3
0 3 0 7 13
0 3 6 8 12
0 2 7 9
0 2 8 10
0 2 9 11
0 2 10 12
0 2 7 11
0 3 6 14 18
0 2 13 15
0 2 14 16
0 2 15 17
0 2 16 18
0 2 13 17
28 1
0 4 1 2 3 10
0 1 0
0 1 0
0 2 0 4
0 3 3 5 9
0 2 4 6
0 2 5 7
0 2 6 8
0 2 7 9
0 2 4 8
0 3 0 11 15
0 2 10 12
0 2 11 13
0 3 12 14 16
0 2 13 15
0 2 10 14
0 2 13 17
0 2 16 18
0 3 17 19 24
0 2 18 20
0 2 19 21
0 3 20 22 23
0 1 21
0 3 21 24 25
0 2 18 23
0 3 23 26 27
0 1 25
0 1 25
21 0
0 3 1 2 3
0 1 0
0 1 0
0 3 0 4 9
0 2 3 5
0 3 4 6 17
0 3 5 7 8
0 1 6
0 2 6 9
0 3 3 8 10
0 2 9 11
0 2 10 12
0 3 11 13 16
0 2 12 14
0 2 13 15
0 2 14 16
0 2 12 15
0 4 5 18 19 20
0 1 17
0 1 17
0 1 17
12 0
0 4 1 2 3 4
0 1 0
0 1 0
0 1 0
0 3 0 5 10
0 2 4 6
0 3 5 7 8
0 1 6
0 2 6 9
0 2 8 10
0 3 4 9 11
0 1 10
13 0
0 1 1
0 3 0 2 12
0 2 1 3
0 4 2 4 5 6
0 1 3
0 1 3
0 2 3 7
0 3 6 8 12
0 2 7 9
0 2 8 10
0 2 9 11
0 2 10 12
0 3 1 7 11
22 0
0 3 1 7 21
0 3 0 2 16
0 2 1 3
0 2 2 4
0 3 3 5 7
0 2 4 6
0 1 5
0 3 0 4 8
0 2 7 9
0 3 8 10 21
0 3 9 11 12
0 1 10
0 2 10 13
0 2 12 14
0 3 13 15 21
0 3 14 16 17
0 2 1 15
0 3 15 18 19
0 1 17
0 2 17 20
0 2 19 21
0 4 0 9 14 20
6 1
0 3 1 2 3
0 1 0
0 1 0
0 3 0 4 5
0 1 3
0 1 3
9 1
0 4 1 3 5 7
0 2 0 2
0 1 1
0 2 0 4
0 1 3
0 2 0 6
0 1 5
0 2 0 8
0 1 7
19 0
0 1 1
0 2 0 2
0 2 1 3
0 2 2 4
0 2 3 5
0 2 4 6
0 2 5 7
0 2 6 8
0 2 7 9
0 2 8 10
0 2 9 11
0 2 10 12
0 3 11 13 16
0 2 12 14
0 2 13 15
0 1 14
0 2 12 17
0 2 16 18
0 1 17
24 0
0 2 1 8
0 2 0 2
0 2 1 3
0 2 2 4
0 2 3 5
0 2 4 6
0 2 5 7
0 1 6
0 2 0 9
0 2 8 10
0 2 9 11
0 2 10 12
0 2 11 13
0 2 12 14
0 2 13 15
0 2 14 16
0 2 15 17
0 3 16 18 19
0 1 17
0 3 17 20 22
0 2 19 21
0 1 20
0 2 19 23
0 1 22
14 0
0 1 1
0 3 0 2 3
0 1 1
0 3 1 4 8
0 2 3 5
0 3 4 6 10
0 2 5 7
0 2 6 8
0 3 3 7 9
0 1 8
0 4 5 11 12 13
0 1 10
0 1 10
0 1 10
32 0
0 2 1 31
0 2 0 2
0 3 1 3 4
0 1 2
0 3 2 5 30
0 3 4 6 7
0 1 5
0 3 5 8 26
0 3 7 9 10
0 1 8
0 4 8 11 12 24
0 1 10
0 3 10 13 14
0 1 12
0 3 12 15 18
0 3 14 16 17
0 1 15
0 1 15
0 3 14 19 20
0 1 18
0 3 18 21 24
0 3 20 22 23
0 1 21
0 1 21
0 3 10 20 25
0 2 24 26
0 3 7 25 27
0 4 26 28 29 30
0 1 27
0 1 27
0 3 4 27 31
0 2 0 30
8 0
0 2 1 5
0 2 0 2
0 2 1 3
0 2 2 4
0 2 3 5
0 3 0 4 6
0 2 5 7
0 1 6
11 1
0 4 1 2 4 6
0 1 0
0 2 0 3
0 1 2
0 2 0 5
0 1 4
0 2 0 7
0 2 6 8
0 3 7 9 10
0 1 8
0 1 8
17 0
0 2 1 10
0 2 0 2
0 3 1 3 6
0 2 2 4
0 2 3 5
0 3 4 6 7
0 2 2 5
0 3 5 8 9
0 1 7
0 1 7
0 3 0 11 15
0 2 10 12
0 3 11 13 14
0 1 12
0 2 12 15
0 3 10 14 16
0 1 15
8 1
0 1 1
0 2 0 2
0 2 1 3
0 2 2 4
0 2 3 5
0 2 4 6
0 2 5 7
0 1 6
7 1
0 2 1 2
0 1 0
0 3 0 3 6
0 2 2 4
0 2 3 5
0 2 4 6
0 2 2 5
4 0
0 1 1
0 3 0 2 3
0 1 1
0 1 1
10 0
0 3 1 2 6
0 1 0
0 2 0 3
0 2 2 4
0 3 3 5 7
0 2 4 6
0 2 0 5
0 3 4 8 9
0 1 7
0 1 7
18 0
0 1 1
0 3 0 2 3
0 1 1
0 3 1 4 11
0 3 3 5 10
0 2 4 6
0 2 5 7
0 3 6 8 9
0 1 7
0 2 7 10
0 2 4 9
0 3 3 12 17
0 2 11 13
0 2 12 14
0 3 13 15 16
0 1 14
0 2 14 17
0 2 11 16
19 0
0 3 1 8 15
0 3 0 2 7
0 2 1 3
0 2 2 4
0 3 3 5 6
0 1 4
0 2 4 7
0 2 1 6
0 3 0 9 14
0 2 8 10
0 2 9 11
0 3 10 12 13
0 1 11
0 2 11 14
0 2 8 13
0 4 0 16 17 18
0 1 15
0 1 15
0 1 15
18 1
0 1 1
0 3 0 2 3
0 1 1
0 3 1 4 11
0 3 3 5 10
0 2 4 6
0 2 5 7
0 3 6 8 9
0 1 7
0 2 7 10
0 2 4 9
0 3 3 12 17
0 2 11 13
0 2 12 14
0 3 13 15 16
0 1 14
0 2 14 17
0 2 11 16
6 1
0 2 1 5
0 2 0 2
0 2 1 3
0 2 2 4
0 2 3 5
0 2 0 4
17 0
0 2 1 7
0 3 0 2 6
0 2 1 3
0 2 2 4
0 2 3 5
0 2 4 6
0 2 1 5
0 3 0 8 16
0 2 7 9
0 2 8 10
0 3 9 11 15
0 2 10 12
0 2 11 13
0 2 12 14
0 2 13 15
0 3 10 14 16
0 2 7 15
10 0
0 1 1
0 3 0 2 9
0 2 1 3
0 3 2 4 8
0 2 3 5
0 2 4 6
0 2 5 7
0 2 6 8
0 3 3 7 9
0 2 1 8
31 0
0 2 1 5
0 2 0 2
0 2 1 3
0 2 2 4
0 3 3 5 6
0 2 0 4
0 2 4 7
0 3 6 8 25
0 2 7 9
0 2 8 10
0 3 9 11 24
0 2 10 12
0 3 11 13 17
0 2 12 14
0 2 13 15
0 3 14 16 21
0 2 15 17
0 3 12 16 18
0 3 17 19 20
0 1 18
0 1 18
0 3 15 22 23
0 1 21
0 1 21
0 2 10 25
0 3 7 24 26
0 4 25 27 28 29
0 1 26
0 1 26
0 2 26 30
0 1 29
11 0
0 1 1
0 3 0 2 3
0 1 1
0 3 1 4 10
0 2 3 5
0 2 4 6
0 3 5 7 8
0 1 6
0 3 6 9 10
0 1 8
0 2 3 8
6 0
0 2 1 3
0 2 0 2
0 1 1
0 2 0 4
0 2 3 5
0 1 4
5 0
0 3 1 2 3
0 1 0
0 1 0
0 2 0 4
0 1 3
13 0
0 1 1
0 3 0 2 9
0 3 1 3 4
0 1 2
0 3 2 5 6
0 1 4
0 3 4 7 8
0 1 6
0 3 6 9 12
0 3 1 8 10
0 2 9 11
0 2 10 12
0 2 8 11
14 0
0 1 1
0 3 0 2 3
0 1 1
0 3 1 4 13
0 2 3 5
0 2 4 6
0 3 5 7 13
0 2 6 8
0 2 7 9
0 2 8 10
0 3 9 11 12
0 1 10
0 1 10
0 2 3 6
16 1
0 3 1 2 7
0 1 0
0 2 0 3
0 2 2 4
0 2 3 5
0 3 4 6 7
0 1 5
0 4 0 5 8 10
0 2 7 9
0 1 8
0 3 7 11 15
0 2 10 12
0 2 11 13
0 2 12 14
0 2 13 15
0 2 10 14
25 0
0 2 1 19
0 2 0 2
0 3 1 3 4
0 1 2
0 2 2 5
0 3 4 6 9
0 3 5 7 8
0 1 6
0 3 6 9 14
0 3 5 8 10
0 2 9 11
0 4 10 12 13 14
0 1 11
0 1 11
0 3 8 11 15
0 3 14 16 17
0 1 15
0 2 15 18
0 1 17
0 3 0 20 24
0 2 19 21
0 2 20 22
0 2 21 23
0 2 22 24
0 2 19 23
5 0
0 2 1 4
0 2 0 2
0 2 1 3
0 2 2 4
0 2 0 3
11 0
0 1 1
0 3 0 2 3
0 1 1
0 3 1 4 10
0 2 3 5
0 2 4 6
0 3 5 7 8
0 1 6
0 3 6 9 10
0 1 8
0 2 3 8
7 1
0 2 1 4
0 2 0 2
0 2 1 3
0 1 2
0 2 0 5
0 2 4 6
0 1 5
5 0
0 3 1 2 3
0 1 0
0 1 0
0 2 0 4
0 1 3
11 1
0 2 1 10
0 2 0 2
0 2 1 3
0 3 2 4 9
0 2 3 5
0 2 4 6
0 3 5 7 8
0 1 6
0 2 6 9
0 3 3 8 10
0 2 0 9
11 0
0 1 1
0 3 0 2 10
0 2 1 3
0 2 2 4
0 3 3 5 9
0 2 4 6
0 2 5 7
0 2 6 8
0 2 7 9
0 3 4 8 10
0 2 1 9
5 0
0 3 1 2 3
0 1 0
0 1 0
0 2 0 4
0 1 3
19 1
0 1 1
0 3 0 2 12
0 2 1 3
0 3 2 4 5
0 1 3
0 2 3 6
0 3 5 7 12
0 2 6 8
0 3 7 9 10
0 1 8
0 3 8 11 13
0 2 10 12
0 3 1 6 11
0 3 10 14 18
0 2 13 15
0 2 14 16
0 2 15 17
0 2 16 18
0 2 13 17
14 0
0 1 1
0 3 0 2 3
0 1 1
0 3 1 4 12
0 3 3 5 6
0 1 4
0 3 4 7 8
0 1 6
0 3 6 9 10
0 1 8
0 3 8 11 12
0 1 10
0 3 3 10 13
0 1 12
3 1
0 2 1 2
0 2 0 2
0 2 0 1
5 0
0 2 1 2
0 1 0
0 3 0 3 4
0 2 2 4
0 2 2 3
29 0
0 1 1
0 3 0 2 25
0 3 1 3 10
0 2 2 4
0 2 3 5
0 3 4 6 9
0 2 5 7
0 3 6 8 26
0 2 7 9
0 3 5 8 10
0 3 2 9 11
0 2 10 12
0 3 11 13 25
0 2 12 14
0 2 13 15
0 3 14 16 24
0 2 15 17
0 3 16 18 20
0 2 17 19
0 1 18
0 3 17 21 23
0 2 20 22
0 1 21
0 2 20 24
0 3 15 23 25
0 3 1 12 24
0 3 7 27 28
0 1 26
0 1 26
4 0
0 1 1
0 3 0 2 3
0 1 1
0 1 1
15 1
0 2 1 6
0 2 0 2
0 3 1 3 4
0 1 2
0 3 2 5 8
0 2 4 6
0 3 0 5 7
0 1 6
0 2 4 9
0 3 8 10 14
0 2 9 11
0 2 10 12
0 2 11 13
0 2 12 14
0 2 9 13
4 1
0 3 1 2 3
0 1 0
0 1 0
0 1 0
20 0
0 2 1 6
0 3 0 2 3
0 1 1
0 3 1 4 5
0 1 3
0 1 3
0 3 0 7 19
0 3 6 8 12
0 2 7 9
0 2 8 10
0 2 9 11
0 2 10 12
0 3 7 11 13
0 2 12 14
0 3 13 15 19
0 2 14 16
0 2 15 17
0 2 16 18
0 2 17 19
0 3 6 14 18
12 0
0 3 1 2 6
0 1 0
0 2 0 3
0 2 2 4
0 2 3 5
0 3 4 6 7
0 2 0 5
0 3 5 8 9
0 1 7
0 2 7 10
0 2 9 11
0 1 10
7 0
0 1 1
0 3 0 2 3
0 1 1
0 3 1 4 5
0 1 3
0 2 3 6
0 1 5
10 0
0 3 1 5 9
0 2 0 2
0 2 1 3
0 2 2 4
0 2 3 5
0 3 0 4 6
0 2 5 7
0 2 6 8
0 2 7 9
0 2 0 8
33 0
0 1 1
0 4 0 2 14 19
0 3 1 3 4
0 1 2
0 3 2 5 8
0 3 4 6 7
0 1 5
0 1 5
0 3 4 9 10
0 1 8
0 3 8 11 14
0 3 10 12 13
0 1 11
0 1 11
0 3 1 10 15
0 3 14 16 17
0 1 15
0 3 15 18 30
0 3 17 19 21
0 3 1 18 20
0 1 19
0 3 18 22 23
0 1 21
0 3 21 24 29
0 3 23 25 26
0 1 24
0 2 24 27
0 2 26 28
0 2 27 29
0 3 23 28 30
0 4 17 29 31 32
0 1 30
0 1 30
36 0
0 2 1 23
0 3 0 2 6
0 2 1 3
0 2 2 4
0 2 3 5
0 2 4 6
0 3 1 5 7
0 3 6 8 21
0 2 7 9
0 2 8 10
0 3 9 11 15
0 2 10 12
0 3 11 13 18
0 2 12 14
0 2 13 15
0 3 10 14 16
0 2 15 17
0 1 16
0 3 12 19 20
0 1 18
0 1 18
0 3 7 22 23
0 1 21
0 3 0 21 24
0 3 23 25 26
0 1 24
0 2 24 27
0 3 26 28 32
0 2 27 29
0 2 28 30
0 2 29 31
0 3 30 32 33
0 2 27 31
0 3 31 34 35
0 1 33
0 1 33
5 1
0 2 1 2
0 1 0
0 3 0 3 4
0 1 2
0 1 2
26 0
0 2 1 14
0 2 0 2
0 3 1 3 8
0 2 2 4
0 2 3 5
0 3 4 6 7
0 1 5
0 2 5 8
0 3 2 7 9
0 4 8 10 11 12
0 1 9
0 1 9
0 2 9 13
0 1 12
0 3 0 15 20
0 2 14 16
0 2 15 17
0 3 16 18 19
0 1 17
0 2 17 20
0 3 14 19 21
0 4 20 22 23 24
0 1 21
0 1 21
0 2 21 25
0 1 24
24 0
0 2 1 5
0 2 0 2
0 2 1 3
0 2 2 4
0 3 3 5 6
0 2 0 4
0 3 4 7 8
0 1 6
0 3 6 9 10
0 1 8
0 2 8 11
0 3 10 12 15
0 3 11 13 14
0 1 12
0 3 12 15 20
0 3 11 14 16
0 2 15 17
0 4 16 18 19 20
0 1 17
0 1 17
0 3 14 17 21
0 3 20 22 23
0 1 21
0 1 21
8 1
0 2 1 6
0 2 0 2
0 3 1 3 4
0 1 2
0 2 2 5
0 2 4 6
0 3 0 5 7
0 1 6
10 0
0 2 1 6
0 2 0 2
0 3 1 3 4
0 1 2
0 2 2 5
0 2 4 6
0 3 0 5 7
0 3 6 8 9
0 1 7
0 1 7
17 0
0 3 1 5 14
0 2 0 2
0 2 1 3
0 3 2 4 7
0 3 3 5 6
0 2 0 4
0 1 4
0 3 3 8 11
0 2 7 9
0 2 8 10
0 1 9
0 2 7 12
0 2 11 13
0 1 12
0 3 0 15 16
0 1 14
0 1 14
4 0
0 1 1
0 2 0 2
0 2 1 3
0 1 2
13 1
0 3 1 2 10
0 1 0
0 3 0 3 4
0 1 2
0 3 2 5 6
0 1 4
0 3 4 7 8
0 1 6
0 3 6 9 10
0 1 8
0 3 0 8 11
0 2 10 12
0 1 11
6 1
0 3 1 2 3
0 1 0
0 1 0
0 3 0 4 5
0 1 3
0 1 3
5 0
0 1 1
0 2 0 2
0 2 1 3
0 2 2 4
0 1 3
11 1
0 2 1 2
0 1 0
0 3 0 3 7
0 2 2 4
0 2 3 5
0 2 4 6
0 2 5 7
0 3 2 6 8
0 3 7 9 10
0 1 8
0 1 8
12 0
0 2 1 5
0 2 0 2
0 2 1 3
0 2 2 4
0 2 3 5
0 3 0 4 6
0 3 5 7 8
0 1 6
0 3 6 9 10
0 1 8
0 2 8 11
0 1 10
17 1
0 2 1 2
0 1 0
0 2 0 3
0 3 2 4 5
0 1 3
0 2 3 6
0 3 5 7 8
0 1 6
0 2 6 9
0 2 8 10
0 3 9 11 12
0 1 10
0 2 10 13
0 3 12 14 15
0 1 13
0 2 13 16
0 1 15
30 1
0 1 1
0 3 0 2 3
0 1 1
0 3 1 4 5
0 1 3
0 2 3 6
0 2 5 7
0 2 6 8
0 3 7 9 10
0 1 8
0 2 8 11
0 2 10 12
0 2 11 13
0 3 12 14 15
0 1 13
0 2 13 16
0 2 15 17
0 2 16 18
0 3 17 19 20
0 1 18
0 2 18 21
0 2 20 22
0 2 21 23
0 3 22 24 25
0 1 23
0 2 23 26
0 2 25 27
0 2 26 28
0 2 27 29
0 1 28
22 0
0 1 1
0 3 0 2 18
0 3 1 3 21
0 2 2 4
0 3 3 5 17
0 2 4 6
0 3 5 7 8
0 1 6
0 3 6 9 11
0 2 8 10
0 1 9
0 3 8 12 16
0 2 11 13
0 2 12 14
0 2 13 15
0 2 14 16
0 2 11 15
0 2 4 18
0 3 1 17 19
0 3 18 20 21
0 2 19 21
0 3 2 19 20
3 1
0 2 1 2
0 1 0
0 1 0
12 0
0 2 1 5
0 2 0 2
0 3 1 3 9
0 2 2 4
0 2 3 5
0 3 0 4 6
0 3 5 7 8
0 1 6
0 1 6
0 3 2 10 11
0 1 9
0 1 9
20 1
0 1 1
0 3 0 2 19
0 2 1 3
0 2 2 4
0 3 3 5 18
0 2 4 6
0 3 5 7 8
0 1 6
0 3 6 9 10
0 1 8
0 2 8 11
0 3 10 12 18
0 3 11 13 17
0 2 12 14
0 2 13 15
0 2 14 16
0 2 15 17
0 2 12 16
0 3 4 11 19
0 2 1 18
19 1
0 1 1
0 4 0 2 12 16
0 3 1 3 4
0 1 2
0 3 2 5 6
0 1 4
0 4 4 7 8 16
0 1 6
0 3 6 9 12
0 3 8 10 11
0 1 9
0 1 9
0 3 1 8 13
0 3 12 14 15
0 1 13
0 1 13
0 4 1 6 17 18
0 1 16
0 1 16
7 1
0 3 1 2 3
0 1 0
0 1 0
0 2 0 4
0 2 3 5
0 2 4 6
0 1 5
3 0
0 2 1 2
0 1 0
0 1 0
5 1
0 3 1 2 3
0 1 0
0 1 0
0 2 0 4
0 1 3
64 1
0 3 1 6 10
0 3 0 2 3
0 1 1
0 2 1 4
0 3 3 5 59
0 2 4 6
0 3 0 5 7
0 2 6 8
0 3 7 9 54
0 3 8 10 21
0 3 0 9 11
0 2 10 12
0 2 11 13
0 2 12 14
0 3 13 15 19
0 2 14 16
0 3 15 17 22
0 2 16 18
0 2 17 19
0 3 14 18 20
0 2 19 21
0 2 9 20
0 3 16 23 34
0 2 22 24
0 2 23 25
0 3 24 26 33
0 2 25 27
0 2 26 28
0 3 27 29 43
0 3 28 30 35
0 2 29 31
0 2 30 32
0 2 31 33
0 3 25 32 34
0 2 22 33
0 3 29 36 41
0 3 35 37 38
0 1 36
0 2 36 39
0 3 38 40 49
0 2 39 41
0 3 35 40 42
0 2 41 43
0 3 28 42 44
0 4 43 45 46 47
0 1 44
0 1 44
0 2 44 48
0 1 47
0 4 39 50 51 52
0 1 49
0 1 49
0 2 49 53
0 1 52
0 4 8 55 56 57
0 1 54
0 1 54
0 2 54 58
0 1 57
0 4 4 60 61 62
0 1 59
0 1 59
0 2 59 63
0 1 62
11 0
0 1 1
0 3 0 2 3
0 1 1
0 2 1 4
0 2 3 5
0 3 4 6 10
0 2 5 7
0 2 6 8
0 2 7 9
0 2 8 10
0 2 5 9
26 0
0 1 1
0 4 0 2 10 18
0 2 1 3
0 3 2 4 8
0 2 3 5
0 2 4 6
0 2 5 7
0 2 6 8
0 3 3 7 9
0 1 8
0 2 1 11
0 3 10 12 16
0 2 11 13
0 2 12 14
0 2 13 15
0 2 14 16
0 3 11 15 17
0 1 16
0 2 1 19
0 3 18 20 24
0 2 19 21
0 2 20 22
0 2 21 23
0 2 22 24
0 3 19 23 25
0 1 24
4 1
0 1 1
0 2 0 2
0 2 1 3
0 1 2
25 0
0 4 1 2 3 4
0 1 0
0 1 0
0 1 0
0 3 0 5 23
0 2 4 6
0 3 5 7 20
0 2 6 8
0 3 7 9 14
0 2 8 10
0 3 9 11 16
0 3 10 12 13
0 1 11
0 2 11 14
0 3 8 13 15
0 1 14
0 4 10 17 18 19
0 1 16
0 1 16
0 1 16
0 3 6 21 22
0 1 20
0 2 20 23
0 3 4 22 24
0 1 23
11 0
0 1 1
0 4 0 2 3 9
0 1 1
0 3 1 4 5
0 1 3
0 3 3 6 7
0 1 5
0 3 5 8 9
0 1 7
0 3 1 7 10
0 1 9
30 0
0 4 1 2 3 8
0 1 0
0 1 0
0 2 0 4
0 4 3 5 6 7
0 1 4
0 1 4
0 1 4
0 3 0 9 29
0 2 8 10
0 2 9 11
0 3 10 12 28
0 2 11 13
0 2 12 14
0 2 13 15
0 2 14 16
0 2 15 17
0 2 16 18
0 4 17 19 20 21
0 1 18
0 1 18
0 2 18 22
0 3 21 23 27
0 2 22 24
0 2 23 25
0 2 24 26
0 2 25 27
0 2 22 26
0 2 11 29
0 2 8 28
17 1
0 3 1 5 11
0 3 0 2 3
0 1 1
0 2 1 4
0 1 3
0 3 0 6 10
0 2 5 7
0 2 6 8
0 2 7 9
0 2 8 10
0 2 5 9
0 3 0 12 16
0 2 11 13
0 2 12 14
0 2 13 15
0 2 14 16
0 2 11 15
6 1
0 2 1 2
0 1 0
0 4 0 3 4 5
0 1 2
0 1 2
0 1 2
13 0
0 3 1 2 3
0 1 0
0 1 0
0 3 0 4 5
0 1 3
0 2 3 6
0 2 5 7
0 2 6 8
0 3 7 9 10
0 1 8
0 3 8 11 12
0 1 10
0 1 10
23 1
0 2 1 21
0 3 0 2 3
0 1 1
0 2 1 4
0 3 3 5 20
0 2 4 6
0 2 5 7
0 2 6 8
0 2 7 9
0 2 8 10
0 3 9 11 12
0 1 10
0 2 10 13
0 2 12 14
0 2 13 15
0 3 14 16 17
0 1 15
0 2 15 18
0 3 17 19 20
0 1 18
0 3 4 18 21
0 3 0 20 22
0 1 21
12 0
0 3 1 2 6
0 1 0
0 3 0 3 4
0 1 2
0 2 2 5
0 1 4
0 3 0 7 8
0 1 6
0 3 6 9 10
0 1 8
0 2 8 11
0 1 10
6 0
0 1 1
0 2 0 2
0 2 1 3
0 2 2 4
0 2 3 5
0 1 4
7 1
0 4 1 2 3 4
0 1 0
0 1 0
0 1 0
0 3 0 5 6
0 1 4
0 1 4
10 1
0 2 1 5
0 2 0 2
0 2 1 3
0 2 2 4
0 3 3 5 6
0 2 0 4
0 3 4 7 8
0 1 6
0 2 6 9
0 1 8
15 1
0 2 1 8
0 3 0 2 7
0 2 1 3
0 2 2 4
0 3 3 5 6
0 1 4
0 2 4 7
0 2 1 6
0 3 0 9 14
0 2 8 10
0 2 9 11
0 3 10 12 13
0 1 11
0 2 11 14
0 2 8 13
16 0
0 2 1 5
0 2 0 2
0 3 1 3 9
0 2 2 4
0 2 3 5
0 3 0 4 6
0 3 5 7 8
0 1 6
0 1 6
0 2 2 10
0 2 9 11
0 4 10 12 13 14
0 1 11
0 1 11
0 2 11 15
0 1 14
7 0
0 1 1
0 4 0 2 3 6
0 1 1
0 2 1 4
0 2 3 5
0 2 4 6
0 2 1 5
16 0
0 2 1 9
0 3 0 2 8
0 2 1 3
0 3 2 4 5
0 1 3
0 2 3 6
0 3 5 7 8
0 1 6
0 2 1 6
0 3 0 10 14
0 2 9 11
0 2 10 12
0 2 11 13
0 2 12 14
0 3 9 13 15
0 1 14
9 0
0 1 1
0 3 0 2 8
0 2 1 3
0 3 2 4 5
0 1 3
0 2 3 6
0 3 5 7 8
0 1 6
0 2 1 6
5 0
0 1 1
0 4 0 2 3 4
0 1 1
0 1 1
0 1 1
11 1
0 2 1 7
0 2 0 2
0 2 1 3
0 3 2 4 5
0 1 3
0 3 3 6 7
0 1 5
0 3 0 5 8
0 3 7 9 10
0 1 8
0 1 8
12 0
0 3 1 2 7
0 1 0
0 3 0 3 4
0 1 2
0 3 2 5 6
0 1 4
0 2 4 7
0 3 0 6 8
0 3 7 9 10
0 1 8
0 2 8 11
0 1 10
13 0
0 2 1 9
0 2 0 2
0 2 1 3
0 3 2 4 7
0 3 3 5 6
0 1 4
0 1 4
0 3 3 8 9
0 1 7
0 3 0 7 10
0 3 9 11 12
0 1 10
0 1 10
5 1
0 2 1 2
0 1 0
0 3 0 3 4
0 1 2
0 1 2
15 0
0 1 1
0 3 0 2 3
0 1 1
0 3 1 4 13
0 3 3 5 6
0 1 4
0 3 4 7 8
0 1 6
0 3 6 9 11
0 2 8 10
0 1 9
0 3 8 12 13
0 1 11
0 3 3 11 14
0 1 13
28 1
0 2 1 16
0 2 0 2
0 2 1 3
0 3 2 4 15
0 3 3 5 6
0 1 4
0 2 4 7
0 2 6 8
0 3 7 9 11
0 2 8 10
0 1 9
0 2 8 12
0 2 11 13
0 2 12 14
0 1 13
0 3 3 16 17
0 2 0 15
0 3 15 18 19
0 1 17
0 2 17 20
0 2 19 21
0 3 20 22 24
0 2 21 23
0 1 22
0 2 21 25
0 2 24 26
0 2 25 27
0 1 26
12 1
0 3 1 3 5
0 2 0 2
0 1 1
0 2 0 4
0 1 3
0 3 0 6 7
0 1 5
0 2 5 8
0 2 7 9
0 3 8 10 11
0 1 9
0 1 9
14 1
0 3 1 2 6
0 1 0
0 2 0 3
0 3 2 4 10
0 2 3 5
0 2 4 6
0 3 0 5 7
0 2 6 8
0 2 7 9
0 1 8
0 2 3 11
0 3 10 12 13
0 1 11
0 1 11
17 0
0 3 1 6 7
0 2 0 2
0 2 1 3
0 3 2 4 5
0 1 3
0 2 3 6
0 2 0 5
0 4 0 8 9 10
0 1 7
0 1 7
0 3 7 11 16
0 2 10 12
0 2 11 13
0 3 12 14 15
0 1 13
0 2 13 16
0 2 10 15
9 0
0 2 1 7
0 2 0 2
0 3 1 3 4
0 1 2
0 2 2 5
0 3 4 6 7
0 1 5
0 3 0 5 8
0 1 7
4 0
0 3 1 2 3
0 1 0
0 1 0
0 1 0
18 0
0 1 1
0 3 0 2 17
0 3 1 3 7
0 2 2 4
0 2 3 5
0 2 4 6
0 2 5 7
0 3 2 6 8
0 3 7 9 10
0 1 8
0 3 8 11 17
0 2 10 12
0 2 11 13
0 3 12 14 15
0 1 13
0 3 13 16 17
0 1 15
0 3 1 10 15
10 1
0 1 1
0 3 0 2 8
0 3 1 3 4
0 1 2
0 2 2 5
0 3 4 6 7
0 1 5
0 2 5 8
0 3 1 7 9
0 1 8
4 1
0 2 1 2
0 1 0
0 2 0 3
0 1 2
15 0
0 1 1
0 3 0 2 3
0 1 1
0 3 1 4 13
0 2 3 5
0 2 4 6
0 3 5 7 14
0 2 6 8
0 2 7 9
0 3 8 10 14
0 2 9 11
0 2 10 12
0 2 11 13
0 3 3 12 14
0 3 6 9 13
23 0
0 2 1 12
0 2 0 2
0 2 1 3
0 3 2 4 11
0 3 3 5 6
0 1 4
0 2 4 7
0 2 6 8
0 2 7 9
0 2 8 10
0 1 9
0 3 3 12 13
0 2 0 11
0 3 11 14 15
0 1 13
0 2 13 16
0 2 15 17
0 3 16 18 22
0 2 17 19
0 2 18 20
0 2 19 21
0 2 20 22
0 2 17 21
8 0
0 1 1
0 3 0 2 7
0 2 1 3
0 2 2 4
0 2 3 5
0 2 4 6
0 2 5 7
0 2 1 6
9 0
0 2 1 7
0 2 0 2
0 3 1 3 5
0 2 2 4
0 1 3
0 2 2 6
0 2 5 7
0 3 0 6 8
0 1 7
29 0
0 2 1 5
0 2 0 2
0 2 1 3
0 2 2 4
0 3 3 5 6
0 2 0 4
0 2 4 7
0 2 6 8
0 3 7 9 18
0 3 8 10 11
0 1 9
0 2 9 12
0 2 11 13
0 3 12 14 18
0 2 13 15
0 3 14 16 24
0 2 15 17
0 3 16 18 19
0 3 8 13 17
0 4 17 20 21 22
0 1 19
0 1 19
0 2 19 23
0 1 22
0 4 15 25 26 27
0 1 24
0 1 24
0 2 24 28
0 1 27
12 1
0 1 1
0 3 0 2 3
0 1 1
0 3 1 4 11
0 2 3 5
0 2 4 6
0 3 5 7 10
0 2 6 8
0 2 7 9
0 2 8 10
0 3 6 9 11
0 2 3 10
26 1
0 2 1 9
0 2 0 2
0 3 1 3 5
0 2 2 4
0 1 3
0 2 2 6
0 2 5 7
0 2 6 8
0 1 7
0 3 0 10 11
0 1 9
0 2 9 12
0 2 11 13
0 2 12 14
0 2 13 15
0 3 14 16 17
0 1 15
0 2 15 18
0 2 17 19
0 3 18 20 22
0 2 19 21
0 1 20
0 2 19 23
0 2 22 24
0 2 23 25
0 1 24
19 0
0 2 1 8
0 2 0 2
0 3 1 3 7
0 2 2 4
0 2 3 5
0 2 4 6
0 2 5 7
0 2 2 6
0 3 0 9 18
0 3 8 10 11
0 1 9
0 2 9 12
0 2 11 13
0 3 12 14 18
0 2 13 15
0 2 14 16
0 2 15 17
0 2 16 18
0 3 8 13 17
23 1
0 2 1 12
0 2 0 2
0 3 1 3 8
0 2 2 4
0 2 3 5
0 3 4 6 7
0 1 5
0 2 5 8
0 3 2 7 9
0 3 8 10 11
0 1 9
0 1 9
0 3 0 13 22
0 3 12 14 15
0 1 13
0 2 13 16
0 2 15 17
0 3 16 18 22
0 2 17 19
0 2 18 20
0 2 19 21
0 2 20 22
0 3 12 17 21
22 1
0 2 1 13
0 3 0 2 3
0 1 1
0 3 1 4 5
0 1 3
0 2 3 6
0 2 5 7
0 2 6 8
0 2 7 9
0 2 8 10
0 2 9 11
0 2 10 12
0 1 11
0 3 0 14 21
0 2 13 15
0 2 14 16
0 3 15 17 20
0 2 16 18
0 2 17 19
0 2 18 20
0 3 16 19 21
0 2 13 20
24 0
0 2 1 14
0 2 0 2
0 2 1 3
0 3 2 4 13
0 2 3 5
0 4 4 6 7 10
0 1 5
0 2 5 8
0 2 7 9
0 1 8
0 2 5 11
0 2 10 12
0 1 11
0 3 3 14 15
0 2 0 13
0 2 13 16
0 4 15 17 18 21
0 1 16
0 2 16 19
0 2 18 20
0 1 19
0 2 16 22
0 2 21 23
0 1 22
4 0
0 3 1 2 3
0 1 0
0 1 0
0 1 0
9 0
0 2 1 7
0 2 0 2
0 3 1 3 4
0 1 2
0 2 2 5
0 3 4 6 7
0 1 5
0 3 0 5 8
0 1 7
8 0
0 2 1 6
0 2 0 2
0 2 1 3
0 3 2 4 5
0 1 3
0 2 3 6
0 3 0 5 7
0 1 6
24 0
0 2 1 12
0 2 0 2
0 2 1 3
0 2 2 4
0 2 3 5
0 2 4 6
0 2 5 7
0 2 6 8
0 2 7 9
0 2 8 10
0 2 9 11
0 1 10
0 3 0 13 20
0 2 12 14
0 3 13 15 18
0 2 14 16
0 2 15 17
0 2 16 18
0 3 14 17 19
0 2 18 20
0 3 12 19 21
0 2 20 22
0 2 21 23
0 1 22
5 1
0 2 1 4
0 2 0 2
0 2 1 3
0 2 2 4
0 2 0 3
14 0
0 3 1 5 13
0 2 0 2
0 2 1 3
0 2 2 4
0 2 3 5
0 3 0 4 6
0 2 5 7
0 3 6 8 12
0 2 7 9
0 2 8 10
0 2 9 11
0 2 10 12
0 3 7 11 13
0 2 0 12
19 0
0 4 1 5 7 13
0 2 0 2
0 3 1 3 4
0 1 2
0 2 2 5
0 3 0 4 6
0 1 5
0 3 0 8 12
0 2 7 9
0 2 8 10
0 2 9 11
0 2 10 12
0 2 7 11
0 3 0 14 18
0 2 13 15
0 2 14 16
0 2 15 17
0 2 16 18
0 2 13 17
33 0
0 3 1 27 28
0 2 0 2
0 2 1 3
0 3 2 4 22
0 2 3 5
0 2 4 6
0 3 5 7 15
0 2 6 8
0 3 7 9 17
0 3 8 10 14
0 2 9 11
0 2 10 12
0 2 11 13
0 2 12 14
0 3 9 13 15
0 3 6 14 16
0 1 15
0 4 8 18 19 20
0 1 17
0 1 17
0 2 17 21
0 1 20
0 3 3 23 27
0 2 22 24
0 2 23 25
0 2 24 26
0 2 25 27
0 3 0 22 26
0 4 0 29 30 31
0 1 28
0 1 28
0 2 28 32
0 1 31
9 1
0 2 1 7
0 2 0 2
0 3 1 3 4
0 1 2
0 2 2 5
0 3 4 6 7
0 1 5
0 3 0 5 8
0 1 7
6 1
0 3 1 2 4
0 1 0
0 2 0 3
0 1 2
0 2 0 5
0 1 4
20 0
0 2 1 5
0 2 0 2
0 3 1 3 10
0 2 2 4
0 2 3 5
0 3 0 4 6
0 2 5 7
0 3 6 8 9
0 1 7
0 1 7
0 2 2 11
0 2 10 12
0 3 11 13 18
0 2 12 14
0 3 13 15 16
0 1 14
0 2 14 17
0 2 16 18
0 3 12 17 19
0 1 18
22 0
0 3 1 8 11
0 2 0 2
0 2 1 3
0 3 2 4 7
0 2 3 5
0 2 4 6
0 1 5
0 3 3 8 9
0 2 0 7
0 2 7 10
0 1 9
0 3 0 12 21
0 2 11 13
0 2 12 14
0 3 13 15 18
0 2 14 16
0 2 15 17
0 1 16
0 3 14 19 21
0 2 18 20
0 1 19
0 2 11 18
7 0
0 3 1 2 4
0 1 0
0 2 0 3
0 1 2
0 3 0 5 6
0 1 4
0 1 4
51 0
0 2 1 9
0 2 0 2
0 3 1 3 7
0 2 2 4
0 2 3 5
0 2 4 6
0 2 5 7
0 3 2 6 8
0 3 7 9 11
0 3 0 8 10
0 1 9
0 2 8 12
0 2 11 13
0 3 12 14 20
0 2 13 15
0 3 14 16 17
0 1 15
0 3 15 18 19
0 1 17
0 2 17 20
0 3 13 19 21
0 4 20 22 23 24
0 1 21
0 1 21
0 2 21 25
0 2 24 26
0 2 25 27
0 4 26 28 29 30
0 1 27
0 1 27
0 3 27 31 37
0 2 30 32
0 3 31 33 34
0 1 32
0 3 32 35 36
0 1 34
0 2 34 37
0 3 30 36 38
0 2 37 39
0 2 38 40
0 3 39 41 50
0 3 40 42 43
0 1 41
0 2 41 44
0 2 43 45
0 3 44 46 50
0 2 45 47
0 2 46 48
0 2 47 49
0 2 48 50
0 3 40 45 49
9 0
0 3 1 2 7
0 1 0
0 2 0 3
0 2 2 4
0 2 3 5
0 3 4 6 7
0 1 5
0 3 0 5 8
0 1 7
7 0
0 2 1 5
0 2 0 2
0 2 1 3
0 2 2 4
0 3 3 5 6
0 2 0 4
0 1 4
18 1
0 3 1 7 17
0 2 0 2
0 3 1 3 4
0 1 2
0 3 2 5 6
0 1 4
0 2 4 7
0 3 0 6 8
0 2 7 9
0 3 8 10 16
0 2 9 11
0 3 10 12 13
0 1 11
0 3 11 14 15
0 1 13
0 2 13 16
0 3 9 15 17
0 2 0 16
29 0
0 2 1 18
0 2 0 2
0 3 1 3 12
0 3 2 4 5
0 1 3
0 2 3 6
0 2 5 7
0 3 6 8 12
0 2 7 9
0 3 8 10 13
0 2 9 11
0 2 10 12
0 3 2 7 11
0 4 9 14 15 16
0 1 13
0 1 13
0 2 13 17
0 1 16
0 3 0 19 23
0 2 18 20
0 2 19 21
0 3 20 22 24
0 2 21 23
0 2 18 22
0 4 21 25 26 27
0 1 24
0 1 24
0 2 24 28
0 1 27
15 1
0 2 1 8
0 3 0 2 7
0 2 1 3
0 2 2 4
0 3 3 5 6
0 1 4
0 2 4 7
0 2 1 6
0 3 0 9 14
0 2 8 10
0 2 9 11
0 3 10 12 13
0 1 11
0 2 11 14
0 2 8 13
16 0
0 2 1 5
0 2 0 2
0 2 1 3
0 2 2 4
0 3 3 5 6
0 2 0 4
0 3 4 7 8
0 1 6
0 3 6 9 10
0 1 8
0 3 8 11 15
0 2 10 12
0 2 11 13
0 2 12 14
0 2 13 15
0 2 10 14
17 0
0 1 1
0 3 0 2 4
0 2 1 3
0 1 2
0 2 1 5
0 3 4 6 7
0 1 5
0 3 5 8 9
0 1 7
0 3 7 10 16
0 2 9 11
0 2 10 12
0 3 11 13 15
0 2 12 14
0 1 13
0 2 12 16
0 2 9 15
6 1
0 3 1 2 4
0 1 0
0 2 0 3
0 1 2
0 2 0 5
0 1 4
15 0
0 2 1 5
0 2 0 2
0 2 1 3
0 2 2 4
0 3 3 5 6
0 2 0 4
0 2 4 7
0 2 6 8
0 2 7 9
0 3 8 10 11
0 1 9
0 2 9 12
0 3 11 13 14
0 1 12
0 1 12
18 1
0 3 1 2 13
0 1 0
0 3 0 3 4
0 1 2
0 4 2 5 6 15
0 1 4
0 3 4 7 12
0 2 6 8
0 3 7 9 10
0 1 8
0 3 8 11 12
0 1 10
0 3 6 10 13
0 4 0 12 14 15
0 1 13
0 4 4 13 16 17
0 1 15
0 1 15
17 1
0 1 1
0 4 0 2 13 14
0 3 1 3 4
0 1 2
0 3 2 5 6
0 1 4
0 4 4 7 8 14
0 1 6
0 3 6 9 13
0 2 8 10
0 2 9 11
0 3 10 12 13
0 1 11
0 3 1 8 11
0 4 1 6 15 16
0 1 14
0 1 14
5 1
0 2 1 2
0 1 0
0 3 0 3 4
0 1 2
0 1 2
12 0
0 1 1
0 4 0 2 4 6
0 2 1 3
0 1 2
0 2 1 5
0 1 4
0 2 1 7
0 2 6 8
0 3 7 9 10
0 1 8
0 2 8 11
0 1 10
4 1
0 1 1
0 3 0 2 3
0 1 1
0 1 1
21 1
0 4 1 2 8 15
0 1 0
0 4 0 3 4 17
0 1 2
0 3 2 5 6
0 1 4
0 4 4 7 8 19
0 1 6
0 4 0 6 9 10
0 1 8
0 4 8 11 12 19
0 1 10
0 4 10 13 14 15
0 1 12
0 1 12
0 4 0 12 16 17
0 1 15
0 4 2 15 18 19
0 1 17
0 4 6 10 17 20
0 1 19
17 0
0 4 1 2 3 10
0 1 0
0 1 0
0 3 0 4 9
0 2 3 5
0 2 4 6
0 3 5 7 8
0 1 6
0 2 6 9
0 2 3 8
0 3 0 11 16
0 2 10 12
0 2 11 13
0 3 12 14 15
0 1 13
0 2 13 16
0 2 10 15
10 0
0 2 1 6
0 2 0 2
0 2 1 3
0 2 2 4
0 3 3 5 6
0 1 4
0 3 0 4 7
0 3 6 8 9
0 1 7
0 1 7
21 0
0 3 1 9 17
0 3 0 2 8
0 2 1 3
0 2 2 4
0 3 3 5 7
0 2 4 6
0 1 5
0 2 4 8
0 2 1 7
0 3 0 10 16
0 2 9 11
0 2 10 12
0 3 11 13 15
0 2 12 14
0 1 13
0 2 12 16
0 2 9 15
0 4 0 18 19 20
0 1 17
0 1 17
0 1 17
14 0
0 2 1 3
0 2 0 2
0 1 1
0 3 0 4 8
0 2 3 5
0 2 4 6
0 2 5 7
0 2 6 8
0 4 3 7 9 10
0 1 8
0 2 8 11
0 2 10 12
0 2 11 13
0 1 12
18 0
0 1 1
0 3 0 2 7
0 2 1 3
0 2 2 4
0 2 3 5
0 2 4 6
0 1 5
0 2 1 8
0 4 7 9 10 11
0 1 8
0 1 8
0 3 8 12 17
0 2 11 13
0 2 12 14
0 3 13 15 16
0 1 14
0 2 14 17
0 2 11 16
23 0
0 3 1 5 20
0 2 0 2
0 3 1 3 16
0 2 2 4
0 3 3 5 13
0 3 0 4 6
0 3 5 7 10
0 2 6 8
0 2 7 9
0 1 8
0 2 6 11
0 2 10 12
0 1 11
0 3 4 14 15
0 1 13
0 1 13
0 4 2 17 18 19
0 1 16
0 1 16
0 1 16
0 3 0 21 22
0 1 20
0 1 20
19 1
0 1 1
0 4 0 2 4 6
0 2 1 3
0 1 2
0 2 1 5
0 1 4
0 2 1 7
0 3 6 8 10
0 2 7 9
0 1 8
0 3 7 11 17
0 2 10 12
0 3 11 13 14
0 1 12
0 3 12 15 16
0 1 14
0 2 14 17
0 3 10 16 18
0 1 17
11 0
0 2 1 7
0 2 0 2
0 3 1 3 5
0 2 2 4
0 1 3
0 2 2 6
0 3 5 7 9
0 3 0 6 8
0 1 7
0 2 6 10
0 1 9
12 0
0 4 1 2 4 6
0 1 0
0 2 0 3
0 1 2
0 2 0 5
0 1 4
0 3 0 7 8
0 1 6
0 2 6 9
0 3 8 10 11
0 1 9
0 1 9
9 0
0 3 1 3 5
0 2 0 2
0 1 1
0 2 0 4
0 1 3
0 3 0 6 7
0 1 5
0 2 5 8
0 1 7
8 0
0 2 1 6
0 2 0 2
0 3 1 3 4
0 1 2
0 2 2 5
0 2 4 6
0 3 0 5 7
0 1 6
27 0
0 2 1 6
0 2 0 2
0 4 1 3 4 11
0 1 2
0 3 2 5 8
0 2 4 6
0 3 0 5 7
0 1 6
0 2 4 9
0 2 8 10
0 3 9 11 19
0 3 2 10 12
0 2 11 13
0 2 12 14
0 4 13 15 16 19
0 1 14
0 3 14 17 20
0 2 16 18
0 2 17 19
0 3 10 14 18
0 3 16 21 22
0 1 20
0 2 20 23
0 2 22 24
0 3 23 25 26
0 1 24
0 1 24
14 0
0 2 1 4
0 3 0 2 3
0 1 1
0 1 1
0 3 0 5 9
0 2 4 6
0 2 5 7
0 3 6 8 10
0 2 7 9
0 2 4 8
0 3 7 11 12
0 1 10
0 2 10 13
0 1 12
8 0
0 2 1 2
0 1 0
0 3 0 3 7
0 2 2 4
0 2 3 5
0 2 4 6
0 2 5 7
0 2 2 6
10 0
0 2 1 2
0 1 0
0 3 0 3 9
0 2 2 4
0 2 3 5
0 3 4 6 8
0 2 5 7
0 1 6
0 2 5 9
0 2 2 8
44 0
0 1 1
0 3 0 2 6
0 2 1 3
0 3 2 4 22
0 2 3 5
0 2 4 6
0 3 1 5 7
0 2 6 8
0 2 7 9
0 3 8 10 13
0 3 9 11 12
0 1 10
0 1 10
0 3 9 14 15
0 1 13
0 2 13 16
0 3 15 17 21
0 2 16 18
0 2 17 19
0 2 18 20
0 2 19 21
0 2 16 20
0 3 3 23 43
0 2 22 24
0 2 23 25
0 3 24 26 41
0 2 25 27
0 2 26 28
0 3 27 29 32
0 3 28 30 31
0 1 29
0 1 29
0 3 28 33 34
0 1 32
0 2 32 35
0 3 34 36 40
0 2 35 37
0 2 36 38
0 2 37 39
0 2 38 40
0 2 35 39
0 3 25 42 43
0 1 41
0 2 22 41
9 0
0 3 1 2 3
0 1 0
0 1 0
0 3 0 4 8
0 2 3 5
0 2 4 6
0 2 5 7
0 2 6 8
0 2 3 7
15 1
0 2 1 8
0 3 0 2 7
0 2 1 3
0 2 2 4
0 3 3 5 6
0 1 4
0 2 4 7
0 2 1 6
0 3 0 9 14
0 2 8 10
0 2 9 11
0 3 10 12 13
0 1 11
0 2 11 14
0 2 8 13
11 0
0 3 1 2 3
0 1 0
0 1 0
0 3 0 4 10
0 2 3 5
0 2 4 6
0 2 5 7
0 3 6 8 10
0 2 7 9
0 1 8
0 2 3 7
17 0
0 4 1 2 3 10
0 1 0
0 1 0
0 2 0 4
0 3 3 5 6
0 1 4
0 2 4 7
0 2 6 8
0 2 7 9
0 1 8
0 3 0 11 16
0 2 10 12
0 2 11 13
0 3 12 14 15
0 1 13
0 2 13 16
0 2 10 15
11 0
0 1 1
0 3 0 2 3
0 1 1
0 3 1 4 10
0 2 3 5
0 2 4 6
0 3 5 7 8
0 1 6
0 3 6 9 10
0 1 8
0 2 3 8
18 1
0 2 1 7
0 2 0 2
0 3 1 3 4
0 1 2
0 2 2 5
0 3 4 6 7
0 1 5
0 3 0 5 8
0 2 7 9
0 3 8 10 14
0 2 9 11
0 2 10 12
0 3 11 13 15
0 2 12 14
0 2 9 13
0 3 12 16 17
0 1 15
0 1 15
17 0
0 4 1 5 9 13
0 2 0 2
0 2 1 3
0 2 2 4
0 1 3
0 2 0 6
0 2 5 7
0 2 6 8
0 1 7
0 2 0 10
0 3 9 11 12
0 1 10
0 1 10
0 2 0 14
0 3 13 15 16
0 1 14
0 1 14
20 1
0 3 1 2 11
0 1 0
0 3 0 3 7
0 2 2 4
0 2 3 5
0 3 4 6 8
0 2 5 7
0 2 2 6
0 3 5 9 10
0 1 8
0 1 8
0 3 0 12 16
0 2 11 13
0 2 12 14
0 3 13 15 17
0 2 14 16
0 2 11 15
0 3 14 18 19
0 1 17
0 1 17
9 1
0 1 1
0 3 0 2 7
0 2 1 3
0 3 2 4 5
0 1 3
0 2 3 6
0 2 5 7
0 3 1 6 8
0 1 7
14 0
0 3 1 2 11
0 1 0
0 3 0 3 4
0 1 2
0 3 2 5 6
0 1 4
0 3 4 7 9
0 2 6 8
0 1 7
0 3 6 10 11
0 1 9
0 3 0 9 12
0 2 11 13
0 1 12
11 0
0 4 1 2 4 6
0 1 0
0 2 0 3
0 1 2
0 2 0 5
0 1 4
0 2 0 7
0 2 6 8
0 3 7 9 10
0 1 8
0 1 8
19 0
0 4 1 2 8 12
0 1 0
0 3 0 3 4
0 1 2
0 3 2 5 6
0 1 4
0 4 4 7 8 11
0 1 6
0 4 0 6 9 10
0 1 8
0 1 8
0 3 6 12 15
0 3 0 11 13
0 3 12 14 18
0 2 13 15
0 3 11 14 16
0 3 15 17 18
0 2 16 18
0 3 13 16 17
23 0
0 2 1 12
0 2 0 2
0 3 1 3 7
0 2 2 4
0 3 3 5 6
0 1 4
0 1 4
0 2 2 8
0 3 7 9 10
0 1 8
0 2 8 11
0 1 10
0 3 0 13 18
0 2 12 14
0 3 13 15 16
0 1 14
0 2 14 17
0 1 16
0 2 12 19
0 3 18 20 21
0 1 19
0 2 19 22
0 1 21
12 0
0 3 1 2 10
0 1 0
0 3 0 3 4
0 1 2
0 3 2 5 6
0 1 4
0 3 4 7 8
0 1 6
0 3 6 9 10
0 1 8
0 3 0 8 11
0 1 10
6 1
0 3 1 2 3
0 1 0
0 1 0
0 3 0 4 5
0 1 3
0 1 3
18 0
0 1 1
0 2 0 2
0 3 1 3 5
0 2 2 4
0 1 3
0 3 2 6 7
0 1 5
0 3 5 8 9
0 1 7
0 3 7 10 11
0 1 9
0 2 9 12
0 4 11 13 14 16
0 1 12
0 2 12 15
0 1 14
0 2 12 17
0 1 16
16 1
0 2 1 12
0 3 0 2 10
0 3 1 3 4
0 1 2
0 3 2 5 9
0 2 4 6
0 2 5 7
0 2 6 8
0 2 7 9
0 3 4 8 10
0 3 1 9 11
0 1 10
0 4 0 13 14 15
0 1 12
0 1 12
0 1 12
20 0
0 2 1 9
0 2 0 2
0 3 1 3 7
0 2 2 4
0 2 3 5
0 2 4 6
0 1 5
0 3 2 8 17
0 2 7 9
0 3 0 8 10
0 3 9 11 14
0 2 10 12
0 2 11 13
0 1 12
0 2 10 15
0 2 14 16
0 1 15
0 3 7 18 19
0 1 17
0 1 17
44 1
0 3 1 7 10
0 2 0 2
0 3 1 3 5
0 2 2 4
0 1 3
0 2 2 6
0 2 5 7
0 3 0 6 8
0 3 7 9 18
0 3 8 10 11
0 2 0 9
0 3 9 12 16
0 2 11 13
0 3 12 14 39
0 3 13 15 19
0 2 14 16
0 3 11 15 17
0 2 16 18
0 2 8 17
0 2 14 20
0 3 19 21 36
0 2 20 22
0 3 21 23 24
0 1 22
0 3 22 25 35
0 2 24 26
0 3 25 27 29
0 2 26 28
0 1 27
0 3 26 30 32
0 2 29 31
0 1 30
0 3 29 33 35
0 2 32 34
0 1 33
0 2 24 32
0 3 20 37 39
0 2 36 38
0 1 37
0 3 13 36 40
0 3 39 41 42
0 1 40
0 2 40 43
0 1 42
19 0
0 4 1 2 8 14
0 1 0
0 3 0 3 4
0 1 2
0 4 2 5 6 16
0 1 4
0 3 4 7 13
0 3 6 8 12
0 3 0 7 9
0 3 8 10 13
0 3 9 11 12
0 2 10 12
0 3 7 10 11
0 3 6 9 14
0 4 0 13 15 16
0 1 14
0 4 4 14 17 18
0 1 16
0 1 16
16 1
0 3 1 2 6
0 1 0
0 2 0 3
0 3 2 4 5
0 1 3
0 1 3
0 3 0 7 15
0 2 6 8
0 2 7 9
0 3 8 10 14
0 2 9 11
0 2 10 12
0 2 11 13
0 1 12
0 2 9 15
0 2 6 14
15 1
0 2 1 7
0 3 0 2 6
0 2 1 3
0 2 2 4
0 2 3 5
0 2 4 6
0 2 1 5
0 3 0 8 14
0 2 7 9
0 2 8 10
0 3 9 11 13
0 2 10 12
0 1 11
0 2 10 14
0 2 7 13
19 1
0 2 1 5
0 2 0 2
0 2 1 3
0 2 2 4
0 3 3 5 6
0 2 0 4
0 2 4 7
0 2 6 8
0 2 7 9
0 2 8 10
0 3 9 11 12
0 1 10
0 3 10 13 17
0 2 12 14
0 2 13 15
0 2 14 16
0 2 15 17
0 3 12 16 18
0 1 17
12 0
0 4 1 2 4 6
0 1 0
0 2 0 3
0 1 2
0 2 0 5
0 1 4
0 3 0 7 11
0 2 6 8
0 2 7 9
0 2 8 10
0 2 9 11
0 2 6 10
13 0
0 3 1 2 3
0 1 0
0 1 0
0 3 0 4 11
0 2 3 5
0 3 4 6 7
0 1 5
0 3 5 8 9
0 1 7
0 3 7 10 11
0 1 9
0 3 3 9 12
0 1 11
17 0
0 4 1 2 3 10
0 1 0
0 1 0
0 3 0 4 9
0 2 3 5
0 2 4 6
0 3 5 7 8
0 1 6
0 2 6 9
0 2 3 8
0 3 0 11 16
0 2 10 12
0 2 11 13
0 3 12 14 15
0 1 13
0 2 13 16
0 2 10 15
6 1
0 3 1 2 3
0 1 0
0 1 0
0 3 0 4 5
0 1 3
0 1 3
18 1
0 2 1 7
0 2 0 2
0 3 1 3 4
0 1 2
0 2 2 5
0 3 4 6 7
0 1 5
0 3 0 5 8
0 2 7 9
0 3 8 10 14
0 2 9 11
0 2 10 12
0 3 11 13 15
0 2 12 14
0 2 9 13
0 3 12 16 17
0 1 15
0 1 15
19 0
0 3 1 7 14
0 2 0 2
0 3 1 3 4
0 1 2
0 2 2 5
0 2 4 6
0 1 5
0 2 0 8
0 4 7 9 10 12
0 1 8
0 2 8 11
0 1 10
0 2 8 13
0 1 12
0 3 0 15 16
0 1 14
0 2 14 17
0 2 16 18
0 1 17
20 1
0 1 1
0 3 0 2 3
0 1 1
0 3 1 4 19
0 3 3 5 6
0 1 4
0 2 4 7
0 2 6 8
0 3 7 9 19
0 3 8 10 11
0 1 9
0 3 9 12 16
0 2 11 13
0 2 12 14
0 2 13 15
0 2 14 16
0 3 11 15 17
0 3 16 18 19
0 1 17
0 3 3 8 17
6 1
0 3 1 2 4
0 1 0
0 2 0 3
0 1 2
0 2 0 5
0 1 4
18 1
0 3 1 5 15
0 2 0 2
0 3 1 3 8
0 2 2 4
0 2 3 5
0 3 0 4 6
0 2 5 7
0 1 6
0 3 2 9 12
0 2 8 10
0 2 9 11
0 1 10
0 2 8 13
0 2 12 14
0 1 13
0 3 0 16 17
0 1 15
0 1 15
3 0
0 1 1
0 2 0 2
0 1 1
21 1
0 3 1 2 5
0 1 0
0 2 0 3
0 2 2 4
0 1 3
0 4 0 6 7 14
0 1 5
0 3 5 8 13
0 2 7 9
0 2 8 10
0 3 9 11 12
0 1 10
0 2 10 13
0 2 7 12
0 3 5 15 20
0 2 14 16
0 2 15 17
0 3 16 18 19
0 1 17
0 2 17 20
0 2 14 19
20 1
0 4 1 2 8 14
0 1 0
0 2 0 3
0 2 2 4
0 3 3 5 6
0 1 4
0 2 4 7
0 1 6
0 2 0 9
0 2 8 10
0 3 9 11 12
0 1 10
0 2 10 13
0 1 12
0 2 0 15
0 2 14 16
0 3 15 17 18
0 1 16
0 2 16 19
0 1 18
19 0
0 2 1 11
0 3 0 2 3
0 1 1
0 3 1 4 10
0 2 3 5
0 3 4 6 7
0 1 5
0 2 5 8
0 3 7 9 10
0 1 8
0 2 3 8
0 3 0 12 18
0 2 11 13
0 3 12 14 15
0 1 13
0 2 13 16
0 3 15 17 18
0 1 16
0 2 11 16
20 0
0 4 1 2 8 14
0 1 0
0 3 0 3 7
0 2 2 4
0 2 3 5
0 2 4 6
0 2 5 7
0 2 2 6
0 3 0 9 13
0 2 8 10
0 2 9 11
0 2 10 12
0 2 11 13
0 2 8 12
0 3 0 15 19
0 2 14 16
0 2 15 17
0 2 16 18
0 2 17 19
0 2 14 18
21 1
0 2 1 7
0 3 0 2 6
0 2 1 3
0 2 2 4
0 2 3 5
0 2 4 6
0 2 1 5
0 3 0 8 11
0 2 7 9
0 2 8 10
0 1 9
0 3 7 12 13
0 1 11
0 2 11 14
0 2 13 15
0 3 14 16 20
0 2 15 17
0 2 16 18
0 2 17 19
0 2 18 20
0 2 15 19
18 0
0 4 1 2 3 11
0 1 0
0 1 0
0 2 0 4
0 3 3 5 10
0 3 4 6 7
0 1 5
0 3 5 8 9
0 1 7
0 2 7 10
0 2 4 9
0 3 0 12 17
0 2 11 13
0 2 12 14
0 3 13 15 16
0 1 14
0 2 14 17
0 2 11 16
15 0
0 1 1
0 3 0 2 3
0 1 1
0 3 1 4 5
0 1 3
0 2 3 6
0 3 5 7 14
0 2 6 8
0 2 7 9
0 3 8 10 14
0 2 9 11
0 2 10 12
0 2 11 13
0 2 12 14
0 3 6 9 13
5 1
0 1 1
0 3 0 2 3
0 1 1
0 2 1 4
0 1 3
29 0
0 4 1 2 11 20
0 1 0
0 2 0 3
0 2 2 4
0 3 3 5 7
0 2 4 6
0 1 5
0 2 4 8
0 2 7 9
0 2 8 10
0 1 9
0 2 0 12
0 2 11 13
0 3 12 14 16
0 2 13 15
0 1 14
0 2 13 17
0 2 16 18
0 2 17 19
0 1 18
0 2 0 21
0 2 20 22
0 3 21 23 25
0 2 22 24
0 1 23
0 2 22 26
0 2 25 27
0 2 26 28
0 1 27
18 0
0 1 1
0 4 0 2 5 8
0 2 1 3
0 2 2 4
0 1 3
0 2 1 6
0 2 5 7
0 1 6
0 2 1 9
0 3 8 10 14
0 2 9 11
0 2 10 12
0 3 11 13 15
0 2 12 14
0 2 9 13
0 3 12 16 17
0 1 15
0 1 15
11 0
0 2 1 10
0 2 0 2
0 3 1 3 4
0 1 2
0 3 2 5 9
0 2 4 6
0 2 5 7
0 2 6 8
0 2 7 9
0 3 4 8 10
0 2 0 9
4 0
0 2 1 2
0 1 0
0 2 0 3
0 1 2
7 0
0 2 1 5
0 2 0 2
0 2 1 3
0 2 2 4
0 2 3 5
0 3 0 4 6
0 1 5
16 1
0 2 1 8
0 3 0 2 12
0 2 1 3
0 2 2 4
0 3 3 5 8
0 2 4 6
0 2 5 7
0 1 6
0 3 0 4 9
0 3 8 10 11
0 1 9
0 1 9
0 2 1 13
0 3 12 14 15
0 1 13
0 1 13
8 0
0 2 1 5
0 2 0 2
0 3 1 3 4
0 1 2
0 1 2
0 3 0 6 7
0 1 5
0 1 5
19 0
0 3 1 7 14
0 2 0 2
0 3 1 3 4
0 1 2
0 2 2 5
0 2 4 6
0 1 5
0 2 0 8
0 4 7 9 10 12
0 1 8
0 2 8 11
0 1 10
0 2 8 13
0 1 12
0 3 0 15 16
0 1 14
0 2 14 17
0 2 16 18
0 1 17
13 1
0 1 1
0 3 0 2 3
0 1 1
0 2 1 4
0 3 3 5 9
0 2 4 6
0 3 5 7 8
0 1 6
0 1 6
0 2 4 10
0 3 9 11 12
0 1 10
0 1 10
26 1
0 1 1
0 3 0 2 23
0 3 1 3 7
0 2 2 4
0 2 3 5
0 2 4 6
0 2 5 7
0 3 2 6 8
0 3 7 9 24
0 2 8 10
0 2 9 11
0 3 10 12 25
0 3 11 13 14
0 1 12
0 3 12 15 19
0 2 14 16
0 2 15 17
0 2 16 18
0 2 17 19
0 3 14 18 20
0 3 19 21 25
0 2 20 22
0 2 21 23
0 3 1 22 24
0 3 8 23 25
0 3 11 20 24
19 0
0 2 1 11
0 3 0 2 7
0 2 1 3
0 3 2 4 5
0 1 3
0 2 3 6
0 3 5 7 8
0 2 1 6
0 3 6 9 10
0 1 8
0 1 8
0 4 0 12 13 16
0 1 11
0 2 11 14
0 2 13 15
0 1 14
0 2 11 17
0 2 16 18
0 1 17
12 0
0 4 1 2 3 5
0 1 0
0 1 0
0 2 0 4
0 1 3
0 2 0 6
0 2 5 7
0 2 6 8
0 3 7 9 10
0 1 8
0 2 8 11
0 1 10
16 0
0 3 1 6 11
0 2 0 2
0 3 1 3 4
0 1 2
0 2 2 5
0 1 4
0 2 0 7
0 3 6 8 9
0 1 7
0 2 7 10
0 1 9
0 2 0 12
0 3 11 13 14
0 1 12
0 2 12 15
0 1 14
7 0
0 2 1 5
0 2 0 2
0 4 1 3 4 5
0 1 2
0 1 2
0 3 0 2 6
0 1 5
9 0
0 2 1 8
0 2 0 2
0 2 1 3
0 3 2 4 7
0 2 3 5
0 2 4 6
0 2 5 7
0 3 3 6 8
0 2 0 7
9 1
0 2 1 5
0 2 0 2
0 2 1 3
0 2 2 4
0 3 3 5 7
0 3 0 4 6
0 1 5
0 2 4 8
0 1 7
4 1
0 2 1 2
0 1 0
0 2 0 3
0 1 2
9 0
0 2 1 7
0 2 0 2
0 3 1 3 4
0 1 2
0 3 2 5 6
0 1 4
0 2 4 7
0 3 0 6 8
0 1 7
10 1
0 2 1 8
0 2 0 2
0 3 1 3 5
0 2 2 4
0 1 3
0 3 2 6 7
0 1 5
0 2 5 8
0 3 0 7 9
0 1 8
6 1
0 2 1 5
0 2 0 2
0 2 1 3
0 2 2 4
0 2 3 5
0 2 0 4
8 0
0 3 1 2 5
0 1 0
0 2 0 3
0 2 2 4
0 1 3
0 2 0 6
0 2 5 7
0 1 6
14 0
0 2 1 7
0 3 0 2 6
0 2 1 3
0 2 2 4
0 2 3 5
0 2 4 6
0 2 1 5
0 3 0 8 13
0 2 7 9
0 2 8 10
0 3 9 11 12
0 1 10
0 2 10 13
0 2 7 12
4 1
0 1 1
0 2 0 2
0 2 1 3
0 1 2
8 0
0 4 1 2 4 6
0 1 0
0 2 0 3
0 1 2
0 2 0 5
0 1 4
0 2 0 7
0 1 6
6 0
0 1 1
0 3 0 2 4
0 2 1 3
0 1 2
0 2 1 5
0 1 4
6 1
0 2 1 5
0 2 0 2
0 2 1 3
0 2 2 4
0 2 3 5
0 2 0 4
22 1
0 3 1 8 15
0 3 0 2 7
0 2 1 3
0 2 2 4
0 3 3 5 6
0 1 4
0 2 4 7
0 2 1 6
0 3 0 9 14
0 2 8 10
0 2 9 11
0 3 10 12 13
0 1 11
0 2 11 14
0 2 8 13
0 3 0 16 21
0 2 15 17
0 2 16 18
0 3 17 19 20
0 1 18
0 2 18 21
0 2 15 20
17 1
0 1 1
0 3 0 2 16
0 3 1 3 7
0 2 2 4
0 2 3 5
0 2 4 6
0 2 5 7
0 3 2 6 8
0 3 7 9 10
0 1 8
0 3 8 11 16
0 2 10 12
0 2 11 13
0 3 12 14 15
0 1 13
0 2 13 16
0 3 1 10 15
12 1
0 1 1
0 3 0 2 11
0 2 1 3
0 2 2 4
0 2 3 5
0 3 4 6 11
0 3 5 7 8
0 1 6
0 2 6 9
0 2 8 10
0 2 9 11
0 3 1 5 10
10 1
0 2 1 2
0 1 0
0 3 0 3 8
0 2 2 4
0 2 3 5
0 3 4 6 7
0 1 5
0 2 5 8
0 3 2 7 9
0 1 8
13 0
0 1 1
0 3 0 2 6
0 2 1 3
0 3 2 4 5
0 1 3
0 2 3 6
0 3 1 5 7
0 3 6 8 12
0 2 7 9
0 2 8 10
0 2 9 11
0 2 10 12
0 2 7 11
10 0
0 2 1 4
0 3 0 2 3
0 1 1
0 1 1
0 3 0 5 9
0 2 4 6
0 2 5 7
0 2 6 8
0 2 7 9
0 2 4 8
16 0
0 1 1
0 3 0 2 4
0 2 1 3
0 1 2
0 2 1 5
0 3 4 6 15
0 2 5 7
0 3 6 8 9
0 1 7
0 3 7 10 13
0 3 9 11 12
0 1 10
0 1 10
0 3 9 14 15
0 1 13
0 2 5 13
14 1
0 2 1 4
0 3 0 2 11
0 2 1 3
0 3 2 4 5
0 2 0 3
0 2 3 6
0 3 5 7 8
0 1 6
0 2 6 9
0 2 8 10
0 1 9
0 3 1 12 13
0 1 11
0 1 11
9 0
0 2 1 7
0 2 0 2
0 3 1 3 4
0 1 2
0 3 2 5 6
0 1 4
0 2 4 7
0 3 0 6 8
0 1 7
16 0
0 4 1 2 3 4
0 1 0
0 1 0
0 1 0
0 3 0 5 10
0 2 4 6
0 3 5 7 8
0 1 6
0 2 6 9
0 3 8 10 12
0 3 4 9 11
0 1 10
0 4 9 13 14 15
0 1 12
0 1 12
0 1 12
13 0
0 3 1 2 3
0 1 0
0 1 0
0 3 0 4 5
0 1 3
0 2 3 6
0 2 5 7
0 2 6 8
0 3 7 9 10
0 1 8
0 3 8 11 12
0 1 10
0 1 10
9 0
0 1 1
0 3 0 2 3
0 1 1
0 3 1 4 8
0 2 3 5
0 2 4 6
0 3 5 7 8
0 1 6
0 2 3 6
13 0
0 1 1
0 3 0 2 3
0 1 1
0 3 1 4 8
0 2 3 5
0 3 4 6 10
0 2 5 7
0 2 6 8
0 3 3 7 9
0 1 8
0 3 5 11 12
0 1 10
0 1 10
4 1
0 1 1
0 2 0 2
0 2 1 3
0 1 2
16 0
0 2 1 10
0 3 0 2 3
0 1 1
0 2 1 4
0 3 3 5 9
0 2 4 6
0 2 5 7
0 2 6 8
0 2 7 9
0 2 4 8
0 3 0 11 15
0 2 10 12
0 2 11 13
0 2 12 14
0 2 13 15
0 2 10 14
11 1
0 4 1 2 5 8
0 1 0
0 3 0 3 4
0 2 2 4
0 2 2 3
0 3 0 6 7
0 2 5 7
0 2 5 6
0 3 0 9 10
0 2 8 10
0 2 8 9
52 1
0 3 1 2 16
0 1 0
0 2 0 3
0 3 2 4 8
0 2 3 5
0 2 4 6
0 3 5 7 9
0 2 6 8
0 2 3 7
0 3 6 10 13
0 2 9 11
0 2 10 12
0 1 11
0 2 9 14
0 2 13 15
0 1 14
0 2 0 17
0 3 16 18 33
0 2 17 19
0 2 18 20
0 3 19 21 33
0 3 20 22 30
0 2 21 23
0 2 22 24
0 3 23 25 29
0 2 24 26
0 3 25 27 35
0 2 26 28
0 2 27 29
0 3 24 28 30
0 3 21 29 31
0 2 30 32
0 2 31 33
0 4 17 20 32 34
0 1 33
0 2 26 36
0 3 35 37 38
0 1 36
0 2 36 39
0 3 38 40 44
0 2 39 41
0 2 40 42
0 3 41 43 45
0 2 42 44
0 2 39 43
0 3 42 46 49
0 2 45 47
0 2 46 48
0 1 47
0 2 45 50
0 2 49 51
0 1 50
10 0
0 1 1
0 3 0 2 3
0 1 1
0 2 1 4
0 3 3 5 6
0 1 4
0 2 4 7
0 2 6 8
0 2 7 9
0 1 8
22 0
0 2 1 5
0 2 0 2
0 3 1 3 9
0 2 2 4
0 2 3 5
0 3 0 4 6
0 3 5 7 8
0 1 6
0 1 6
0 4 2 10 11 12
0 1 9
0 1 9
0 2 9 13
0 3 12 14 15
0 1 13
0 2 13 16
0 3 15 17 21
0 2 16 18
0 2 17 19
0 2 18 20
0 2 19 21
0 2 16 20
8 0
0 2 1 6
0 2 0 2
0 2 1 3
0 2 2 4
0 3 3 5 6
0 1 4
0 3 0 4 7
0 1 6
8 0
0 2 1 5
0 2 0 2
0 3 1 3 4
0 1 2
0 1 2
0 3 0 6 7
0 1 5
0 1 5
21 0
0 4 1 2 3 14
0 1 0
0 1 0
0 2 0 4
0 3 3 5 6
0 1 4
0 2 4 7
0 3 6 8 13
0 2 7 9
0 2 8 10
0 2 9 11
0 2 10 12
0 2 11 13
0 2 7 12
0 3 0 15 20
0 2 14 16
0 2 15 17
0 3 16 18 19
0 1 17
0 2 17 20
0 2 14 19
16 1
0 2 1 5
0 2 0 2
0 3 1 3 4
0 2 2 4
0 2 2 3
0 3 0 6 10
0 2 5 7
0 2 6 8
0 2 7 9
0 3 8 10 11
0 2 5 9
0 2 9 12
0 2 11 13
0 3 12 14 15
0 2 13 15
0 2 13 14
16 0
0 1 1
0 4 0 2 4 6
0 2 1 3
0 1 2
0 2 1 5
0 1 4
0 2 1 7
0 3 6 8 12
0 2 7 9
0 2 8 10
0 3 9 11 13
0 2 10 12
0 2 7 11
0 3 10 14 15
0 1 13
0 1 13
7 1
0 3 1 2 4
0 1 0
0 2 0 3
0 1 2
0 2 0 5
0 2 4 6
0 1 5
20 0
0 3 1 2 3
0 1 0
0 1 0
0 3 0 4 12
0 3 3 5 11
0 2 4 6
0 2 5 7
0 3 6 8 10
0 2 7 9
0 1 8
0 2 7 11
0 2 4 10
0 3 3 13 19
0 2 12 14
0 2 13 15
0 3 14 16 18
0 2 15 17
0 1 16
0 2 15 19
0 2 12 18
11 0
0 2 1 10
0 2 0 2
0 2 1 3
0 3 2 4 9
0 3 3 5 6
0 1 4
0 2 4 7
0 3 6 8 9
0 1 7
0 3 3 7 10
0 2 0 9
7 0
0 2 1 3
0 2 0 2
0 1 1
0 4 0 4 5 6
0 1 3
0 1 3
0 1 3
8 1
0 2 1 6
0 2 0 2
0 2 1 3
0 2 2 4
0 3 3 5 6
0 1 4
0 3 0 4 7
0 1 6
10 1
0 2 1 8
0 3 0 2 3
0 1 1
0 2 1 4
0 3 3 5 6
0 1 4
0 3 4 7 8
0 1 6
0 3 0 6 9
0 1 8
14 0
0 2 1 8
0 2 0 2
0 3 1 3 7
0 2 2 4
0 2 3 5
0 2 4 6
0 2 5 7
0 2 2 6
0 3 0 9 13
0 2 8 10
0 2 9 11
0 2 10 12
0 2 11 13
0 2 8 12
12 0
0 3 1 2 3
0 1 0
0 1 0
0 3 0 4 8
0 2 3 5
0 2 4 6
0 2 5 7
0 2 6 8
0 3 3 7 9
0 3 8 10 11
0 1 9
0 1 9
9 0
0 2 1 7
0 2 0 2
0 3 1 3 4
0 1 2
0 3 2 5 6
0 1 4
0 2 4 7
0 3 0 6 8
0 1 7
4 0
0 3 1 2 3
0 1 0
0 1 0
0 1 0
13 0
0 1 1
0 3 0 2 3
0 1 1
0 3 1 4 12
0 2 3 5
0 2 4 6
0 2 5 7
0 3 6 8 12
0 2 7 9
0 2 8 10
0 2 9 11
0 2 10 12
0 3 3 7 11
7 0
0 1 1
0 3 0 2 3
0 1 1
0 4 1 4 5 6
0 1 3
0 1 3
0 1 3
7 0
0 2 1 5
0 2 0 2
0 2 1 3
0 2 2 4
0 2 3 5
0 3 0 4 6
0 1 5
8 1
0 4 1 2 3 4
0 1 0
0 1 0
0 1 0
0 4 0 5 6 7
0 1 4
0 1 4
0 1 4
19 0
0 1 1
0 4 0 2 4 6
0 2 1 3
0 1 2
0 2 1 5
0 1 4
0 2 1 7
0 2 6 8
0 3 7 9 17
0 2 8 10
0 2 9 11
0 3 10 12 16
0 2 11 13
0 2 12 14
0 2 13 15
0 2 14 16
0 3 11 15 17
0 3 8 16 18
0 1 17
5 1
0 3 1 2 3
0 1 0
0 1 0
0 2 0 4
0 1 3
9 1
0 1 1
0 3 0 2 7
0 2 1 3
0 3 2 4 5
0 1 3
0 2 3 6
0 2 5 7
0 3 1 6 8
0 1 7
4 1
0 1 1
0 3 0 2 3
0 2 1 3
0 2 1 2
14 0
0 3 1 2 3
0 1 0
0 1 0
0 3 0 4 12
0 3 3 5 6
0 1 4
0 3 4 7 8
0 1 6
0 3 6 9 10
0 1 8
0 3 8 11 12
0 1 10
0 3 3 10 13
0 1 12
13 0
0 2 1 6
0 3 0 2 3
0 1 1
0 3 1 4 5
0 1 3
0 1 3
0 3 0 7 12
0 2 6 8
0 2 7 9
0 3 8 10 11
0 1 9
0 2 9 12
0 2 6 11
44 1
0 1 1
0 4 0 2 23 27
0 2 1 3
0 2 2 4
0 3 3 5 22
0 2 4 6
0 3 5 7 8
0 1 6
0 2 6 9
0 3 8 10 14
0 2 9 11
0 2 10 12
0 3 11 13 15
0 2 12 14
0 2 9 13
0 3 12 16 19
0 2 15 17
0 2 16 18
0 1 17
0 2 15 20
0 2 19 21
0 1 20
0 2 4 23
0 3 1 22 24
0 2 23 25
0 2 24 26
0 3 25 27 35
0 3 1 26 28
0 2 27 29
0 2 28 30
0 4 29 31 32 35
0 1 30
0 3 30 33 36
0 2 32 34
0 2 33 35
0 3 26 30 34
0 3 32 37 38
0 1 36
0 2 36 39
0 2 38 40
0 2 39 41
0 3 40 42 43
0 1 41
0 1 41
11 0
0 2 1 6
0 2 0 2
0 3 1 3 4
0 1 2
0 3 2 5 8
0 2 4 6
0 3 0 5 7
0 1 6
0 3 4 9 10
0 1 8
0 1 8
14 0
0 3 1 5 9
0 2 0 2
0 2 1 3
0 2 2 4
0 2 3 5
0 3 0 4 6
0 2 5 7
0 2 6 8
0 2 7 9
0 3 0 8 10
0 2 9 11
0 2 10 12
0 2 11 13
0 1 12
16 0
0 3 1 3 5
0 2 0 2
0 1 1
0 2 0 4
0 1 3
0 3 0 6 7
0 1 5
0 2 5 8
0 2 7 9
0 3 8 10 11
0 1 9
0 3 9 12 14
0 2 11 13
0 1 12
0 2 11 15
0 1 14
9 1
0 1 1
0 3 0 2 7
0 2 1 3
0 3 2 4 5
0 1 3
0 2 3 6
0 2 5 7
0 3 1 6 8
0 1 7
15 0
0 3 1 3 9
0 2 0 2
0 1 1
0 3 0 4 8
0 2 3 5
0 2 4 6
0 2 5 7
0 2 6 8
0 2 3 7
0 3 0 10 14
0 2 9 11
0 2 10 12
0 2 11 13
0 2 12 14
0 2 9 13
4 0
0 1 1
0 2 0 2
0 2 1 3
0 1 2
